{"1": {"147": {"5": [{"scene_id": 1, "im_id": 147, "obj_id": 5, "score": 0.626953125, "R": [-0.1329796463251114, 0.9902268052101135, -0.04203910380601883, 0.06736720353364944, -0.033287107944488525, -0.9971728324890137, -0.9888266921043396, -0.13543576002120972, -0.062282297760248184], "t": [-110.29432678222656, 313.3132019042969, 835.4737548828125], "time": 6.769044399261475}, {"scene_id": 1, "im_id": 147, "obj_id": 5, "score": 0.55078125, "R": [0.9881095886230469, -0.15237407386302948, -0.02053537778556347, -0.030558232218027115, -0.06373034417629242, -0.9974991083145142, 0.15068431198596954, 0.986266016960144, -0.06762886792421341], "t": [-81.11193084716797, 282.7215270996094, 1071.24609375], "time": 6.769044399261475}], "2": [{"scene_id": 1, "im_id": 147, "obj_id": 2, "score": 0.6738279461860657, "R": [-0.6636894941329956, 0.7475975155830383, -0.02478710375726223, 0.06523787975311279, 0.024840978905558586, -0.9975606203079224, -0.7451580166816711, -0.663687527179718, -0.06525836139917374], "t": [-258.4791564941406, 215.04721069335938, 840.2606201171875], "time": 6.769044399261475}], "1": [{"scene_id": 1, "im_id": 147, "obj_id": 1, "score": 0.7343747019767761, "R": [0.13867050409317017, 0.9901135563850403, -0.021115152165293694, 0.14175927639007568, -0.04094667732715607, -0.9890539646148682, -0.9801401495933533, 0.13415935635566711, -0.14603586494922638], "t": [-126.47380065917969, 148.51754760742188, 1202.731201171875], "time": 6.769044399261475}], "3": [{"scene_id": 1, "im_id": 147, "obj_id": 3, "score": 0.671801745891571, "R": [-0.9946104884147644, 0.1022956371307373, -0.016898704692721367, 0.025963636115193367, 0.08794306218624115, -0.9957870841026306, -0.10037855803966522, -0.9908590912818909, -0.09012506902217865], "t": [115.01590728759766, 227.767822265625, 1245.06591796875], "time": 6.769044399261475}], "4": [{"scene_id": 1, "im_id": 147, "obj_id": 4, "score": 0.7516752183437347, "R": [-0.9813446998596191, -0.19169780611991882, -0.014646172523498535, 0.0006148226093500853, 0.0730508342385292, -0.9973280429840088, 0.19225549697875977, -0.9787315726280212, -0.07157018780708313], "t": [329.37945556640625, 215.26202392578125, 1247.733642578125], "time": 6.769044399261475}]}, "235": {"5": [{"scene_id": 1, "im_id": 235, "obj_id": 5, "score": 0.626953125, "R": [-0.13216249644756317, 0.9903749227523804, -0.0411178357899189, 0.06932036578655243, -0.032145481556653976, -0.9970763921737671, -0.9888012409210205, -0.13462643325328827, -0.06440471857786179], "t": [-110.41646575927734, 313.5679931640625, 836.353271484375], "time": 3.84627366065979}, {"scene_id": 1, "im_id": 235, "obj_id": 5, "score": 0.548828125, "R": [0.9877586364746094, -0.15465998649597168, -0.020326875150203705, -0.03597954660654068, -0.0990915447473526, -0.9944275617599487, 0.15178394317626953, 0.9829858541488647, -0.10344312340021133], "t": [-80.5422592163086, 282.52716064453125, 1070.087646484375], "time": 3.84627366065979}], "2": [{"scene_id": 1, "im_id": 235, "obj_id": 2, "score": 0.6738277077674866, "R": [-0.6692152619361877, 0.7426443696022034, -0.025108108296990395, 0.06223997473716736, 0.02235093154013157, -0.9978109002113342, -0.7404574751853943, -0.6693128943443298, -0.06117973476648331], "t": [-260.9869384765625, 216.88442993164062, 848.9454956054688], "time": 3.84627366065979}], "1": [{"scene_id": 1, "im_id": 235, "obj_id": 1, "score": 0.7968738675117493, "R": [0.16582676768302917, 0.9860724210739136, -0.01275593414902687, 0.13883094489574432, -0.03614935278892517, -0.9896560311317444, -0.9763336777687073, 0.16234055161476135, -0.14289189875125885], "t": [-125.54338836669922, 148.67446899414062, 1201.638427734375], "time": 3.84627366065979}], "4": [{"scene_id": 1, "im_id": 235, "obj_id": 4, "score": 0.7577922344207764, "R": [0.7501354813575745, -0.6279689073562622, -0.20724835991859436, 0.1987699568271637, -0.08479234576225281, 0.9763712286949158, -0.630703866481781, -0.7736054062843323, 0.061215609312057495], "t": [140.63925170898438, 79.51956176757812, 1259.9775390625], "time": 3.84627366065979}], "3": [{"scene_id": 1, "im_id": 235, "obj_id": 3, "score": 0.6598840653896332, "R": [0.8076023459434509, 0.5893182158470154, -0.02196318656206131, 0.043740976601839066, -0.09699990600347519, -0.9943227171897888, -0.5881030559539795, 0.8020567893981934, -0.10411471128463745], "t": [116.40502166748047, 229.652587890625, 1261.81298828125], "time": 3.84627366065979}]}, "269": {"5": [{"scene_id": 1, "im_id": 269, "obj_id": 5, "score": 0.59375, "R": [-0.986078679561615, 0.16543112695217133, -0.016774281859397888, 0.02940399944782257, 0.07419333606958389, -0.996810257434845, -0.16365888714790344, -0.9834266304969788, -0.07802480459213257], "t": [-81.01707458496094, 281.5594787597656, 1072.01220703125], "time": 4.398961544036865}, {"scene_id": 1, "im_id": 269, "obj_id": 5, "score": 0.56640625, "R": [-0.13497669994831085, 0.9899259209632874, -0.04275650531053543, 0.06171572208404541, -0.03466831520199776, -0.9974914193153381, -0.9889249205589294, -0.13727685809135437, -0.05641457438468933], "t": [-110.95616149902344, 314.67938232421875, 838.87109375], "time": 4.398961544036865}], "2": [{"scene_id": 1, "im_id": 269, "obj_id": 2, "score": 0.6796869039535522, "R": [-0.7141550183296204, 0.6994727253913879, -0.02684139460325241, 0.08379118889570236, 0.047354407608509064, -0.9953574538230896, -0.6949543952941895, -0.7130886912345886, -0.0924280434846878], "t": [-260.1551513671875, 216.41236877441406, 846.6360473632812], "time": 4.398961544036865}], "1": [{"scene_id": 1, "im_id": 269, "obj_id": 1, "score": 0.8164050579071045, "R": [0.16823609173297882, 0.9856650233268738, -0.012688491493463516, 0.13141676783561707, -0.035183925181627274, -0.990702748298645, -0.9769474864006042, 0.16500446200370789, -0.13545210659503937], "t": [-125.58965301513672, 148.75616455078125, 1202.2408447265625], "time": 4.398961544036865}], "3": [{"scene_id": 1, "im_id": 269, "obj_id": 3, "score": 0.6365264654159546, "R": [-0.006183810532093048, -0.9999773502349854, -0.002651512622833252, -0.11598847806453705, 0.0033509298227727413, -0.9932449460029602, 0.9932313561439514, -0.005834512412548065, -0.11600659042596817], "t": [114.88456726074219, 225.97764587402344, 1241.5340576171875], "time": 4.398961544036865}], "4": [{"scene_id": 1, "im_id": 269, "obj_id": 4, "score": 0.7341105043888092, "R": [-0.9988556504249573, 0.04782592132687569, -0.0004537566564977169, 0.004782489500939846, 0.09043479710817337, -0.9958910346031189, -0.04758835956454277, -0.9947534203529358, -0.09056001156568527], "t": [312.2828369140625, 218.00531005859375, 1248.5947265625], "time": 4.398961544036865}]}, "118": {"5": [{"scene_id": 1, "im_id": 118, "obj_id": 5, "score": 0.625, "R": [-0.13138487935066223, 0.9903531074523926, -0.04403210058808327, 0.0691143125295639, -0.03515811264514923, -0.9969890713691711, -0.9889192581176758, -0.13403256237506866, -0.06382833421230316], "t": [-110.30792999267578, 313.179443359375, 835.5154418945312], "time": 3.733799695968628}, {"scene_id": 1, "im_id": 118, "obj_id": 5, "score": 0.548828125, "R": [0.9861962199211121, -0.16423721611499786, -0.02105284109711647, -0.022647181525826454, -0.007840916514396667, -0.9997127056121826, 0.1640249788761139, 0.9863897562026978, -0.011452198028564453], "t": [-79.74970245361328, 277.6111145019531, 1049.97900390625], "time": 3.733799695968628}], "1": [{"scene_id": 1, "im_id": 118, "obj_id": 1, "score": 0.6953122615814209, "R": [-0.0992538258433342, -0.2841232717037201, 0.9536365270614624, 0.038528889417648315, 0.9565529227256775, 0.2890022099018097, -0.994316041469574, 0.06542710959911346, -0.08399456739425659], "t": [20.249526977539062, 41.40768051147461, 1214.7547607421875], "time": 3.733799695968628}], "2": [{"scene_id": 1, "im_id": 118, "obj_id": 2, "score": 0.6777341365814209, "R": [-0.6735272407531738, 0.7384411692619324, -0.03264914080500603, 0.060903288424015045, 0.011420836672186852, -0.9980783462524414, -0.7366492748260498, -0.674221396446228, -0.05266572907567024], "t": [-259.19525146484375, 216.0852813720703, 842.8798217773438], "time": 3.733799695968628}], "3": [{"scene_id": 1, "im_id": 118, "obj_id": 3, "score": 0.6581913232803345, "R": [-0.9995200037956238, 0.028480879962444305, -0.01219672616571188, 0.013989599421620369, 0.06362397968769073, -0.9978758096694946, -0.02764437347650528, -0.9975674748420715, -0.06399187445640564], "t": [115.88705444335938, 227.14990234375, 1248.20654296875], "time": 3.733799695968628}], "4": [{"scene_id": 1, "im_id": 118, "obj_id": 4, "score": 0.7223941385746002, "R": [-0.9996895790100098, 0.024458443745970726, 0.004755410365760326, -0.002207747660577297, 0.10315331071615219, -0.9946630597114563, -0.02481844648718834, -0.9943647384643555, -0.10306727886199951], "t": [330.07464599609375, 215.4013671875, 1250.7559814453125], "time": 3.733799695968628}]}, "296": {"5": [{"scene_id": 1, "im_id": 296, "obj_id": 5, "score": 0.57421875, "R": [-0.1321548968553543, 0.9904755353927612, -0.03864457458257675, 0.06108692288398743, -0.03077423758804798, -0.9976580142974854, -0.9893450140953064, -0.13420607149600983, -0.056438129395246506], "t": [-110.99810028076172, 314.99176025390625, 839.9359130859375], "time": 3.8645968437194815}, {"scene_id": 1, "im_id": 296, "obj_id": 5, "score": 0.5546875, "R": [0.9863559007644653, -0.1576475352048874, -0.04742735996842384, -0.05596509203314781, -0.05016424134373665, -0.9971717000007629, 0.15482249855995178, 0.9862204790115356, -0.058302562683820724], "t": [-80.64038848876953, 283.0494689941406, 1067.577392578125], "time": 3.8645968437194815}], "2": [{"scene_id": 1, "im_id": 296, "obj_id": 2, "score": 0.6777340173721313, "R": [-0.676287055015564, 0.7356274724006653, -0.03857647627592087, 0.06141471117734909, 0.004119798541069031, -0.9981037378311157, -0.7340736985206604, -0.6773738265037537, -0.047964513301849365], "t": [-259.0261535644531, 215.92994689941406, 842.3750610351562], "time": 3.8645968437194815}], "1": [{"scene_id": 1, "im_id": 296, "obj_id": 1, "score": 0.8124988079071045, "R": [0.16571514308452606, 0.9860929250717163, -0.012624077498912811, 0.13736321032047272, -0.03575669601559639, -0.9898752570152283, -0.9765602350234985, 0.16230323910713196, -0.1413782835006714], "t": [-125.38723754882812, 148.78318786621094, 1201.902099609375], "time": 3.8645968437194815}], "3": [{"scene_id": 1, "im_id": 296, "obj_id": 3, "score": 0.6445157527923584, "R": [-0.9955723285675049, -0.0900190994143486, -0.027062801644206047, 0.019986331462860107, 0.07860341668128967, -0.9967058300971985, 0.09184975922107697, -0.9928334951400757, -0.076456218957901], "t": [117.34784698486328, 229.62159729003906, 1257.67626953125], "time": 3.8645968437194815}], "4": [{"scene_id": 1, "im_id": 296, "obj_id": 4, "score": 0.7265194058418274, "R": [-0.9970701932907104, -0.07509589940309525, -0.01454499177634716, 0.006536267697811127, 0.10581015795469284, -0.994364857673645, 0.07621172815561295, -0.991546630859375, -0.10500931739807129], "t": [312.0179748535156, 217.71746826171875, 1248.0423583984375], "time": 3.8645968437194815}]}, "262": {"5": [{"scene_id": 1, "im_id": 262, "obj_id": 5, "score": 0.591796875, "R": [-0.9873283505439758, 0.15671807527542114, -0.02494431659579277, 0.04224361479282379, 0.10804381966590881, -0.9932482838630676, -0.15296487510204315, -0.981715977191925, -0.1132950484752655], "t": [-80.42744445800781, 280.9866027832031, 1068.5068359375], "time": 3.6619951725006095}, {"scene_id": 1, "im_id": 262, "obj_id": 5, "score": 0.572265625, "R": [-0.1334037333726883, 0.9905552268028259, -0.031679872423410416, 0.06274041533470154, -0.023460496217012405, -0.9977540373802185, -0.9890738725662231, -0.13509175181388855, -0.05901814252138138], "t": [-110.82008361816406, 315.4747619628906, 840.3936157226562], "time": 3.6619951725006095}], "2": [{"scene_id": 1, "im_id": 262, "obj_id": 2, "score": 0.6621090173721313, "R": [-0.6733052134513855, 0.7389657497406006, -0.024285105988383293, 0.057146988809108734, 0.019265390932559967, -0.9981799125671387, -0.7371528148651123, -0.6734675765037537, -0.055201150476932526], "t": [-259.01068115234375, 215.72604370117188, 841.6452026367188], "time": 3.6619951725006095}], "1": [{"scene_id": 1, "im_id": 262, "obj_id": 1, "score": 0.8164051175117493, "R": [0.1756042242050171, 0.9843741059303284, -0.013070647604763508, 0.13491696119308472, -0.037215523421764374, -0.9901578426361084, -0.9751720428466797, 0.17211245000362396, -0.1393439620733261], "t": [-125.7354736328125, 148.80776977539062, 1202.1123046875], "time": 3.6619951725006095}], "3": [{"scene_id": 1, "im_id": 262, "obj_id": 3, "score": 0.652327299118042, "R": [-0.9946953058242798, -0.10084786266088486, -0.02027239091694355, 0.009816907346248627, 0.10311099141836166, -0.9946213960647583, 0.10239575058221817, -0.9895442128181458, -0.10157400369644165], "t": [116.65513610839844, 229.88040161132812, 1258.156494140625], "time": 3.6619951725006095}], "4": [{"scene_id": 1, "im_id": 262, "obj_id": 4, "score": 0.7480205297470093, "R": [-0.998455286026001, 0.0417158305644989, -0.036700233817100525, 0.0400531031191349, 0.08260597288608551, -0.9957771897315979, -0.038508012890815735, -0.9957090020179749, -0.08414921164512634], "t": [307.1183166503906, 207.79273986816406, 1239.9110107421875], "time": 3.6619951725006095}]}, "59": {"5": [{"scene_id": 1, "im_id": 59, "obj_id": 5, "score": 0.62890625, "R": [-0.13356716930866241, 0.9899699687957764, -0.04603862389922142, 0.07317216694355011, -0.03647695481777191, -0.9966521263122559, -0.9883348345756531, -0.13648873567581177, -0.06756611913442612], "t": [-110.45089721679688, 313.6759033203125, 837.5845336914062], "time": 3.712128400802612}, {"scene_id": 1, "im_id": 59, "obj_id": 5, "score": 0.59375, "R": [-0.986072838306427, 0.16495013236999512, -0.02125614695250988, 0.03183552250266075, 0.06176033243536949, -0.9975831508636475, -0.16323868930339813, -0.9843663573265076, -0.066151462495327], "t": [-81.15581512451172, 281.48358154296875, 1073.2396240234375], "time": 3.712128400802612}], "2": [{"scene_id": 1, "im_id": 59, "obj_id": 2, "score": 0.6484372615814209, "R": [-0.6935640573501587, 0.7199252843856812, -0.026013216003775597, 0.0934368371963501, 0.05409349501132965, -0.9941546320915222, -0.714309811592102, -0.6919404864311218, -0.10478483140468597], "t": [-259.73138427734375, 215.84449768066406, 844.65966796875], "time": 3.712128400802612}], "1": [{"scene_id": 1, "im_id": 59, "obj_id": 1, "score": 0.7695308923721313, "R": [0.10219481587409973, 0.9947603344917297, 0.002901816740632057, 0.09013703465461731, -0.006354888901114464, -0.9959092736244202, -0.9906723499298096, 0.10203829407691956, -0.09031416475772858], "t": [-144.54843139648438, 149.03924560546875, 1206.71484375], "time": 3.712128400802612}], "3": [{"scene_id": 1, "im_id": 59, "obj_id": 3, "score": 0.6541906893253326, "R": [-0.9946421980857849, 0.10336080193519592, -0.001822879072278738, 0.011311227455735207, 0.09128675609827042, -0.9957603812217712, -0.10275620222091675, -0.9904460310935974, -0.09196680039167404], "t": [113.42774963378906, 226.85845947265625, 1245.0611572265625], "time": 3.712128400802612}], "4": [{"scene_id": 1, "im_id": 59, "obj_id": 4, "score": 0.712758868932724, "R": [-0.9976271986961365, -0.06861059367656708, 0.005707721225917339, -0.013358891941606998, 0.11158084869384766, -0.9936655759811401, 0.06753911823034286, -0.9913840293884277, -0.11223265528678894], "t": [330.9803161621094, 216.10838317871094, 1254.33154296875], "time": 3.712128400802612}]}, "165": {"5": [{"scene_id": 1, "im_id": 165, "obj_id": 5, "score": 0.6328125, "R": [-0.1321302354335785, 0.9902615547180176, -0.043860580772161484, 0.06892871856689453, -0.03496229276061058, -0.9970088601112366, -0.9888328313827515, -0.13475823402404785, -0.06363788992166519], "t": [-110.46751403808594, 313.4845886230469, 836.757080078125], "time": 6.560867071151733}, {"scene_id": 1, "im_id": 165, "obj_id": 5, "score": 0.591796875, "R": [-0.9840881824493408, 0.17693470418453217, -0.01626593805849552, 0.03942098841071129, 0.1281527727842331, -0.9909706115722656, -0.17325256764888763, -0.9758437871932983, -0.13308855891227722], "t": [-80.94606018066406, 280.92742919921875, 1070.8468017578125], "time": 6.560867071151733}], "2": [{"scene_id": 1, "im_id": 165, "obj_id": 2, "score": 0.6718748807907104, "R": [-0.6669623851776123, 0.7446688413619995, -0.025092439725995064, 0.0634220615029335, 0.023184752091765404, -0.9977174997329712, -0.7423872947692871, -0.6670314073562622, -0.06269177794456482], "t": [-259.95404052734375, 216.15628051757812, 845.108642578125], "time": 6.560867071151733}], "1": [{"scene_id": 1, "im_id": 165, "obj_id": 1, "score": 0.7910147905349731, "R": [0.16602297127246857, 0.9860645532608032, -0.010639173910021782, 0.11471575498580933, -0.030028019100427628, -0.9929444193840027, -0.9794266819953918, 0.1636311113834381, -0.11810247600078583], "t": [-125.44194030761719, 148.96084594726562, 1202.2679443359375], "time": 6.560867071151733}], "3": [{"scene_id": 1, "im_id": 165, "obj_id": 3, "score": 0.6816079616546631, "R": [-0.9915832281112671, 0.12781141698360443, -0.020661363378167152, 0.028338752686977386, 0.05854424089193344, -0.9978825449943542, -0.12633116543293, -0.9900692105293274, -0.06167351454496384], "t": [115.66988372802734, 229.09432983398438, 1255.0037841796875], "time": 6.560867071151733}], "4": [{"scene_id": 1, "im_id": 165, "obj_id": 4, "score": 0.7146602869033813, "R": [-0.9881988167762756, -0.15313266217708588, 0.0036837495863437653, -0.016806671395897865, 0.08449064940214157, -0.9962825775146484, 0.15225213766098022, -0.9845870733261108, -0.08606720715761185], "t": [330.9073791503906, 216.00314331054688, 1252.8394775390625], "time": 6.560867071151733}]}, "274": {"5": [{"scene_id": 1, "im_id": 274, "obj_id": 5, "score": 0.572265625, "R": [-0.13207614421844482, 0.9902974963188171, -0.043207231909036636, 0.061744168400764465, -0.03528526425361633, -0.9974680542945862, -0.9893147349357605, -0.13440951704978943, -0.05648474767804146], "t": [-110.91607666015625, 314.48016357421875, 838.84033203125], "time": 6.133458852767944}, {"scene_id": 1, "im_id": 274, "obj_id": 5, "score": 0.591796875, "R": [-0.9865365028381348, 0.1627945452928543, -0.015610571950674057, 0.03794119134545326, 0.1349799633026123, -0.9901217818260193, -0.15907929837703705, -0.9773834943771362, -0.13933928310871124], "t": [-80.7318344116211, 280.62982177734375, 1070.7095947265625], "time": 6.133458852767944}], "2": [{"scene_id": 1, "im_id": 274, "obj_id": 2, "score": 0.6777339577674866, "R": [-0.6793562173843384, 0.733322024345398, -0.026722216978669167, 0.08996784687042236, 0.04709547385573387, -0.9948305487632751, -0.7282726168632507, -0.6782485246658325, -0.09797000885009766], "t": [-260.12176513671875, 216.04116821289062, 845.4553833007812], "time": 6.133458852767944}], "1": [{"scene_id": 1, "im_id": 274, "obj_id": 1, "score": 0.8164052367210388, "R": [0.1732546091079712, 0.9848336577415466, -0.009257422760128975, 0.12214469909667969, -0.03081313706934452, -0.992033839225769, -0.9772735238075256, 0.17074370384216309, -0.12563073635101318], "t": [-125.68302154541016, 148.7811279296875, 1202.1163330078125], "time": 6.133458852767944}], "4": [{"scene_id": 1, "im_id": 274, "obj_id": 4, "score": 0.7361966073513031, "R": [-0.9929282665252686, -0.11698071658611298, -0.02022668719291687, 0.011690657585859299, 0.07320061326026917, -0.9972487092018127, 0.11813946068286896, -0.990432858467102, -0.07131536304950714], "t": [312.8059997558594, 218.08840942382812, 1249.465576171875], "time": 6.133458852767944}], "3": [{"scene_id": 1, "im_id": 274, "obj_id": 3, "score": 0.6697565913200378, "R": [0.7227550148963928, -0.6909013986587524, -0.01674271747469902, -0.08082591742277145, -0.06044293940067291, -0.9948939085006714, 0.6863616704940796, 0.7204177975654602, -0.09952817857265472], "t": [115.04744720458984, 228.32643127441406, 1255.783447265625], "time": 6.133458852767944}]}, "279": {"5": [{"scene_id": 1, "im_id": 279, "obj_id": 5, "score": 0.560546875, "R": [0.9755576848983765, -0.219255268573761, 0.01464343722909689, -0.004611041396856308, -0.08704936504364014, -0.9961932301521301, 0.21969535946846008, 0.97177654504776, -0.0859326645731926], "t": [-80.64820098876953, 281.1883544921875, 1069.511474609375], "time": 3.798730611801148}, {"scene_id": 1, "im_id": 279, "obj_id": 5, "score": 0.56640625, "R": [-0.135389506816864, 0.9898073673248291, -0.044169433414936066, 0.061595283448696136, -0.03608518838882446, -0.9974486827850342, -0.9888759851455688, -0.13776470720767975, -0.05608190596103668], "t": [-110.83937072753906, 314.3095703125, 837.921142578125], "time": 3.798730611801148}], "2": [{"scene_id": 1, "im_id": 279, "obj_id": 2, "score": 0.6621090173721313, "R": [-0.6820545196533203, 0.7308650016784668, -0.02526085264980793, 0.06944509595632553, 0.030343690887093544, -0.997124195098877, -0.7279966473579407, -0.681847333908081, -0.07145103812217712], "t": [-260.8017883300781, 217.0228271484375, 847.8699951171875], "time": 3.798730611801148}], "1": [{"scene_id": 1, "im_id": 279, "obj_id": 1, "score": 0.8164052367210388, "R": [0.17408466339111328, 0.9846618175506592, -0.011637185700237751, 0.1331692934036255, -0.03524963557720184, -0.9904662370681763, -0.975684642791748, 0.17087526619434357, -0.13726316392421722], "t": [-125.56050872802734, 148.69070434570312, 1201.218505859375], "time": 3.798730611801148}], "3": [{"scene_id": 1, "im_id": 279, "obj_id": 3, "score": 0.6640096306800842, "R": [-0.29603683948516846, 0.9550089240074158, -0.01789749227464199, 0.09285390377044678, 0.010124440304934978, -0.9956282377243042, -0.9506525993347168, -0.29640451073646545, -0.09167350828647614], "t": [116.26630401611328, 230.73175048828125, 1267.547607421875], "time": 3.798730611801148}], "4": [{"scene_id": 1, "im_id": 279, "obj_id": 4, "score": 0.6873254179954529, "R": [-0.9999853372573853, -0.002128683030605316, -0.00500149093568325, 0.004771815147250891, 0.09685568511486053, -0.9952869415283203, 0.00260307639837265, -0.99529629945755, -0.09684409201145172], "t": [309.80731201171875, 216.28636169433594, 1239.19140625], "time": 3.798730611801148}]}, "129": {"5": [{"scene_id": 1, "im_id": 129, "obj_id": 5, "score": 0.625, "R": [-0.1321873664855957, 0.9902267456054688, -0.04447164759039879, 0.06913208961486816, -0.03554609417915344, -0.9969739317893982, -0.9888109564781189, -0.1348617821931839, -0.06375768035650253], "t": [-110.73782348632812, 314.0213928222656, 837.9706420898438], "time": 4.042435646057129}, {"scene_id": 1, "im_id": 129, "obj_id": 5, "score": 0.55078125, "R": [-0.9822599291801453, 0.18619270622730255, -0.02230452001094818, 0.04332065209746361, 0.10958003252744675, -0.9930334687232971, -0.18245148658752441, -0.97638338804245, -0.1157020777463913], "t": [-80.699462890625, 279.55560302734375, 1064.5753173828125], "time": 4.042435646057129}], "1": [{"scene_id": 1, "im_id": 129, "obj_id": 1, "score": 0.6191405057907104, "R": [0.0632157027721405, 0.9559140801429749, 0.28676146268844604, 0.10315746068954468, 0.2795383632183075, -0.9545767307281494, -0.9926542043685913, 0.08992582559585571, -0.0809384360909462], "t": [-53.36349868774414, 40.65594482421875, 1203.4024658203125], "time": 4.042435646057129}], "2": [{"scene_id": 1, "im_id": 129, "obj_id": 2, "score": 0.6757808923721313, "R": [-0.6682776212692261, 0.7433621883392334, -0.028596775606274605, 0.07744131237268448, 0.031284138560295105, -0.9965060353279114, -0.7398702502250671, -0.6681573390960693, -0.07847343385219574], "t": [-260.09698486328125, 216.4873809814453, 845.7333374023438], "time": 4.042435646057129}], "3": [{"scene_id": 1, "im_id": 129, "obj_id": 3, "score": 0.6677426397800446, "R": [-0.9996597766876221, 0.02599620819091797, -0.0021475600078701973, 0.0037048496305942535, 0.060005802661180496, -0.9981911182403564, -0.02582027018070221, -0.9978594183921814, -0.060081690549850464], "t": [116.32376098632812, 229.61581420898438, 1255.405029296875], "time": 4.042435646057129}], "4": [{"scene_id": 1, "im_id": 129, "obj_id": 4, "score": 0.7493017017841339, "R": [-0.9892309308052063, -0.1463567614555359, -0.0014246597420424223, -0.022644927725195885, 0.16265994310379028, -0.9864224195480347, 0.14460130035877228, -0.975767195224762, -0.16422247886657715], "t": [327.9161682128906, 213.80230712890625, 1239.859619140625], "time": 4.042435646057129}]}, "125": {"5": [{"scene_id": 1, "im_id": 125, "obj_id": 5, "score": 0.5703125, "R": [-0.13047349452972412, 0.9908024668693542, -0.035880059003829956, 0.06083076447248459, -0.02812124975025654, -0.9977518916130066, -0.9895839095115662, -0.13236276805400848, -0.05660218372941017], "t": [-110.8019027709961, 314.72735595703125, 839.0430908203125], "time": 3.876018762588501}, {"scene_id": 1, "im_id": 125, "obj_id": 5, "score": 0.556640625, "R": [0.9869588613510132, -0.1556580513715744, -0.04102166369557381, -0.05024534836411476, -0.05579030513763428, -0.9971773028373718, 0.15293008089065552, 0.9862342476844788, -0.06288383901119232], "t": [-80.97928619384766, 284.28424072265625, 1073.0296630859375], "time": 3.876018762588501}], "1": [{"scene_id": 1, "im_id": 125, "obj_id": 1, "score": 0.689453125, "R": [0.03949149698019028, 0.6686124801635742, 0.7425616979598999, 0.20821641385555267, 0.7213216423988342, -0.6605610847473145, -0.9772852063179016, 0.18070007860660553, -0.11073001474142075], "t": [-17.354795455932617, 33.34269714355469, 1207.12890625], "time": 3.876018762588501}], "2": [{"scene_id": 1, "im_id": 125, "obj_id": 2, "score": 0.6777340769767761, "R": [-0.685371458530426, 0.7275366187095642, -0.030929887667298317, 0.07448100298643112, 0.02778574824333191, -0.9968354105949402, -0.7243746519088745, -0.6855061054229736, -0.07323120534420013], "t": [-259.62384033203125, 216.10902404785156, 844.3074340820312], "time": 3.876018762588501}], "4": [{"scene_id": 1, "im_id": 125, "obj_id": 4, "score": 0.7596364915370941, "R": [-0.9958950281143188, -0.0893404632806778, -0.014546741731464863, 0.011907579377293587, 0.030002832412719727, -0.9994788765907288, 0.08973033726215363, -0.995549201965332, -0.02881583571434021], "t": [327.6727294921875, 213.84085083007812, 1242.9202880859375], "time": 3.876018762588501}], "3": [{"scene_id": 1, "im_id": 125, "obj_id": 3, "score": 0.6695840358734131, "R": [0.6787600517272949, -0.7341803312301636, -0.0162521805614233, -0.06790654361248016, -0.04071355611085892, -0.9968606233596802, 0.7312136888504028, 0.6777328252792358, -0.07749036699533463], "t": [115.74939727783203, 227.40176391601562, 1249.675048828125], "time": 3.876018762588501}]}, "190": {"5": [{"scene_id": 1, "im_id": 190, "obj_id": 5, "score": 0.548828125, "R": [0.9886558055877686, -0.14821857213974, -0.02430831454694271, -0.03617524355649948, -0.07790107280015945, -0.9963045716285706, 0.14577718079090118, 0.9858818054199219, -0.08237919956445694], "t": [-80.40001678466797, 283.2899169921875, 1071.994873046875], "time": 3.807565212249756}, {"scene_id": 1, "im_id": 190, "obj_id": 5, "score": 0.6328125, "R": [-0.13177530467510223, 0.9902998805046082, -0.04406131058931351, 0.06785932928323746, -0.03533271700143814, -0.9970690011978149, -0.9889541864395142, -0.134379044175148, -0.06254511326551437], "t": [-110.40164184570312, 313.32080078125, 835.7752075195312], "time": 3.807565212249756}], "2": [{"scene_id": 1, "im_id": 190, "obj_id": 2, "score": 0.6718745231628418, "R": [-0.675425112247467, 0.7368953824043274, -0.02804083749651909, 0.06341073662042618, 0.020152797922492027, -0.9977839589118958, -0.7346972227096558, -0.6757063865661621, -0.06033877655863762], "t": [-261.3977355957031, 217.15667724609375, 850.095947265625], "time": 3.807565212249756}], "1": [{"scene_id": 1, "im_id": 190, "obj_id": 1, "score": 0.8164052963256836, "R": [0.17607009410858154, 0.9842835068702698, -0.013611984439194202, 0.12945005297660828, -0.03685971722006798, -0.9909006357192993, -0.9758288860321045, 0.17270588874816895, -0.13390548527240753], "t": [-125.57843017578125, 148.62258911132812, 1201.5394287109375], "time": 3.807565212249756}], "4": [{"scene_id": 1, "im_id": 190, "obj_id": 4, "score": 0.8242126107215881, "R": [-0.9853716492652893, -0.15927717089653015, -0.06061243638396263, 0.049897290766239166, 0.07043591886758804, -0.9962676763534546, 0.16295194625854492, -0.9847180843353271, -0.0614580400288105], "t": [348.03887939453125, 177.82476806640625, 1283.446044921875], "time": 3.807565212249756}], "3": [{"scene_id": 1, "im_id": 190, "obj_id": 3, "score": 0.650274008512497, "R": [-0.9781535863876343, 0.20743906497955322, -0.013594763353466988, 0.03391190618276596, 0.09470369666814804, -0.9949275851249695, -0.20509940385818481, -0.9736530184745789, -0.09966939687728882], "t": [115.38526916503906, 228.3165283203125, 1250.0748291015625], "time": 3.807565212249756}]}, "222": {"5": [{"scene_id": 1, "im_id": 222, "obj_id": 5, "score": 0.625, "R": [-0.13060520589351654, 0.9905139803886414, -0.042715542018413544, 0.0678120031952858, -0.034058861434459686, -0.9971166849136353, -0.9891126155853271, -0.13312524557113647, -0.06272047013044357], "t": [-110.60404205322266, 313.5207824707031, 836.0307006835938], "time": 3.706204891204834}, {"scene_id": 1, "im_id": 222, "obj_id": 5, "score": 0.546875, "R": [0.9841809868812561, -0.17685569822788239, -0.010477971285581589, -0.03521065413951874, -0.13729539513587952, -0.9899040460586548, 0.17363160848617554, 0.9746137261390686, -0.14135071635246277], "t": [-80.3537826538086, 281.0701599121094, 1070.2802734375], "time": 3.706204891204834}], "2": [{"scene_id": 1, "im_id": 222, "obj_id": 2, "score": 0.6796870827674866, "R": [-0.6849311590194702, 0.727782130241394, -0.03467812016606331, 0.07312104105949402, 0.02130511775612831, -0.9970955848693848, -0.7249293923377991, -0.6854774951934814, -0.06780872493982315], "t": [-258.9581298828125, 215.8098602294922, 842.3490600585938], "time": 3.706204891204834}], "1": [{"scene_id": 1, "im_id": 222, "obj_id": 1, "score": 0.8164051175117493, "R": [0.16143712401390076, 0.9868099093437195, -0.012023357674479485, 0.12710925936698914, -0.032873038202524185, -0.9913440346717834, -0.9786631464958191, 0.1585114300251007, -0.13073958456516266], "t": [-125.41531372070312, 148.7296905517578, 1201.927978515625], "time": 3.706204891204834}], "3": [{"scene_id": 1, "im_id": 222, "obj_id": 3, "score": 0.65616774559021, "R": [-0.3252563774585724, 0.9453710317611694, -0.02195713296532631, 0.08848924934864044, 0.0073106600902974606, -0.9960504770278931, -0.9414765238761902, -0.3259147107601166, -0.08603300899267197], "t": [115.00392150878906, 227.73263549804688, 1247.128662109375], "time": 3.706204891204834}], "4": [{"scene_id": 1, "im_id": 222, "obj_id": 4, "score": 0.6689824163913727, "R": [0.47267842292785645, -0.2581629157066345, -0.8425717949867249, 0.8799348473548889, 0.08634814620018005, 0.46718186140060425, -0.04785451292991638, -0.9622349143028259, 0.2679813802242279], "t": [174.20639038085938, 107.46868896484375, 1231.950439453125], "time": 3.706204891204834}]}, "134": {"5": [{"scene_id": 1, "im_id": 134, "obj_id": 5, "score": 0.626953125, "R": [-0.13225066661834717, 0.9903258681297302, -0.04200566187500954, 0.06373867392539978, -0.033793654292821884, -0.997394323348999, -0.9891649484634399, -0.13458344340324402, -0.05865282192826271], "t": [-110.34239959716797, 313.3335266113281, 835.3500366210938], "time": 3.88805103302002}, {"scene_id": 1, "im_id": 134, "obj_id": 5, "score": 0.580078125, "R": [-0.9865286350250244, 0.16109544038772583, -0.028448758646845818, 0.041166432201862335, 0.07616564631462097, -0.9962449669837952, -0.15832370519638062, -0.9839955568313599, -0.08177132159471512], "t": [-80.36112976074219, 281.0434265136719, 1066.44580078125], "time": 3.88805103302002}], "1": [{"scene_id": 1, "im_id": 134, "obj_id": 1, "score": 0.6874998807907104, "R": [0.07681064307689667, 0.9968525767326355, 0.019625980406999588, 0.05806226283311844, 0.015178580768406391, -0.9981975555419922, -0.9953535795211792, 0.07781171798706055, -0.05671361833810806], "t": [-97.57795715332031, 81.4205551147461, 1201.5560302734375], "time": 3.88805103302002}], "2": [{"scene_id": 1, "im_id": 134, "obj_id": 2, "score": 0.6601560115814209, "R": [-0.6822835803031921, 0.7302773594856262, -0.03441336005926132, 0.06041244789958, 0.009406622499227524, -0.99812912940979, -0.7285873293876648, -0.6830859780311584, -0.05053582414984703], "t": [-260.4820861816406, 217.0201416015625, 846.7107543945312], "time": 3.88805103302002}], "3": [{"scene_id": 1, "im_id": 134, "obj_id": 3, "score": 0.6660060882568359, "R": [-0.18759968876838684, 0.9818322658538818, -0.028490785509347916, 0.098640076816082, -0.010027734562754631, -0.9950727224349976, -0.9772802591323853, -0.18948571383953094, -0.0949668139219284], "t": [115.655517578125, 228.09251403808594, 1251.596435546875], "time": 3.88805103302002}], "4": [{"scene_id": 1, "im_id": 134, "obj_id": 4, "score": 0.7342953085899353, "R": [-0.9865109324455261, -0.1625998467206955, -0.018914425745606422, 0.001801982056349516, 0.10475204885005951, -0.994496762752533, 0.1636863350868225, -0.9811159372329712, -0.1030460000038147], "t": [328.6605224609375, 214.60821533203125, 1246.3587646484375], "time": 3.88805103302002}]}, "69": {"5": [{"scene_id": 1, "im_id": 69, "obj_id": 5, "score": 0.626953125, "R": [-0.13326197862625122, 0.990071713924408, -0.044715266674757004, 0.07219747453927994, -0.035299938172101974, -0.9967656135559082, -0.9884477853775024, -0.1360592544078827, -0.06677652150392532], "t": [-110.56976318359375, 313.8287048339844, 837.8117065429688], "time": 3.929575681686402}, {"scene_id": 1, "im_id": 69, "obj_id": 5, "score": 0.587890625, "R": [-0.9888254404067993, 0.14657637476921082, -0.027198871597647667, 0.03969898447394371, 0.08304166048765182, -0.9957550764083862, -0.14369554817676544, -0.985707700252533, -0.08793263137340546], "t": [-80.81920623779297, 280.4587097167969, 1069.5802001953125], "time": 3.929575681686402}], "2": [{"scene_id": 1, "im_id": 69, "obj_id": 2, "score": 0.6523433923721313, "R": [-0.6985729336738586, 0.7150010466575623, -0.027739254757761955, 0.09544366598129272, 0.05469004064798355, -0.9939312934875488, -0.7091450095176697, -0.6969810724258423, -0.10644727945327759], "t": [-261.07244873046875, 216.74658203125, 848.9295654296875], "time": 3.929575681686402}], "1": [{"scene_id": 1, "im_id": 69, "obj_id": 1, "score": 0.7499951720237732, "R": [-0.01815614104270935, 0.9629802703857422, 0.2689598798751831, 0.21554604172706604, 0.2664486765861511, -0.9394387602806091, -0.9763248562812805, 0.04091665521264076, -0.212404265999794], "t": [-132.98744201660156, 65.47034454345703, 1204.8365478515625], "time": 3.929575681686402}], "4": [{"scene_id": 1, "im_id": 69, "obj_id": 4, "score": 0.7226194739341736, "R": [-0.994816780090332, -0.10168048739433289, 0.0009826479945331812, -0.011161853559315205, 0.09958937764167786, -0.9949659705162048, 0.10107076168060303, -0.9898197054862976, -0.1002081036567688], "t": [331.99951171875, 216.95640563964844, 1257.975341796875], "time": 3.929575681686402}], "3": [{"scene_id": 1, "im_id": 69, "obj_id": 3, "score": 0.6581193804740906, "R": [-0.34421974420547485, 0.9386855363845825, -0.019543757662177086, 0.08404766023159027, 0.010074999183416367, -0.9964106678962708, -0.9351195096969604, -0.3446268141269684, -0.08236236125230789], "t": [114.84295654296875, 228.06600952148438, 1253.8995361328125], "time": 3.929575681686402}]}, "76": {"5": [{"scene_id": 1, "im_id": 76, "obj_id": 5, "score": 0.625, "R": [-0.134006530046463, 0.9899572730064392, -0.045021507889032364, 0.07244270294904709, -0.035523686558008194, -0.9967397451400757, -0.9883289933204651, -0.1368311196565628, -0.06695476919412613], "t": [-110.54391479492188, 313.5819396972656, 837.6478881835938], "time": 4.009306907653809}, {"scene_id": 1, "im_id": 76, "obj_id": 5, "score": 0.5859375, "R": [-0.9859325885772705, 0.16534684598445892, -0.024442195892333984, 0.043223194777965546, 0.1109599620103836, -0.9928845763206482, -0.16145820915699005, -0.9799736738204956, -0.11654585599899292], "t": [-80.42813110351562, 280.56414794921875, 1068.8570556640625], "time": 4.009306907653809}], "1": [{"scene_id": 1, "im_id": 76, "obj_id": 1, "score": 0.720703125, "R": [-0.06248968094587326, 0.6402650475502014, 0.7656081318855286, 0.22961865365505219, 0.7557523846626282, -0.6132810115814209, -0.9712725281715393, 0.1374741792678833, -0.19424352049827576], "t": [-92.96595764160156, 47.97234344482422, 1201.89892578125], "time": 4.009306907653809}], "2": [{"scene_id": 1, "im_id": 76, "obj_id": 2, "score": 0.6523433923721313, "R": [-0.6969810128211975, 0.7164584994316101, -0.030075576156377792, 0.08731348812580109, 0.043161287903785706, -0.9952453374862671, -0.7117538452148438, -0.6962932348251343, -0.09263910353183746], "t": [-259.8003845214844, 216.1000213623047, 845.2417602539062], "time": 4.009306907653809}], "4": [{"scene_id": 1, "im_id": 76, "obj_id": 4, "score": 0.7226302623748779, "R": [-0.9945122599601746, -0.10454957187175751, -0.0038343709893524647, -0.004433020018041134, 0.07872936129570007, -0.9968861937522888, 0.10452589392662048, -0.9913986325263977, -0.0787607878446579], "t": [328.738525390625, 214.453857421875, 1246.0391845703125], "time": 4.009306907653809}], "3": [{"scene_id": 1, "im_id": 76, "obj_id": 3, "score": 0.6619981229305267, "R": [-0.9989458918571472, -0.037625595927238464, -0.026294227689504623, 0.02266164869070053, 0.09391152858734131, -0.9953226447105408, 0.0399189293384552, -0.9948694705963135, -0.09295989573001862], "t": [115.50609588623047, 228.15936279296875, 1251.3497314453125], "time": 4.009306907653809}]}, "289": {"5": [{"scene_id": 1, "im_id": 289, "obj_id": 5, "score": 0.580078125, "R": [-0.9880813956260681, 0.1516944020986557, -0.026154400780797005, 0.042305056005716324, 0.10423891246318817, -0.9936522245407104, -0.1480051726102829, -0.9829156994819641, -0.10941396653652191], "t": [-80.27799987792969, 280.6598205566406, 1067.383056640625], "time": 3.757339000701904}, {"scene_id": 1, "im_id": 289, "obj_id": 5, "score": 0.572265625, "R": [-0.13229523599147797, 0.9901779890060425, -0.04522980749607086, 0.06496400386095047, -0.03687116876244545, -0.9972062706947327, -0.9890791773796082, -0.1348639577627182, -0.059448033571243286], "t": [-111.15620422363281, 314.9114685058594, 840.7169189453125], "time": 3.757339000701904}], "2": [{"scene_id": 1, "im_id": 289, "obj_id": 2, "score": 0.6542965173721313, "R": [-0.7012799978256226, 0.7122532725334167, -0.030027693137526512, 0.08500614762306213, 0.041727229952812195, -0.9955062866210938, -0.7077996730804443, -0.700681209564209, -0.0898083820939064], "t": [-260.3796691894531, 216.55819702148438, 846.8240966796875], "time": 3.757339000701904}], "1": [{"scene_id": 1, "im_id": 289, "obj_id": 1, "score": 0.8144518136978149, "R": [0.16920918226242065, 0.9855097532272339, -0.011780843138694763, 0.1324661523103714, -0.034585561603307724, -0.9905838966369629, -0.976637601852417, 0.1660553365945816, -0.13639889657497406], "t": [-125.44535064697266, 148.63343811035156, 1201.3134765625], "time": 3.757339000701904}], "3": [{"scene_id": 1, "im_id": 289, "obj_id": 3, "score": 0.6699100732803345, "R": [-0.9977437257766724, 0.0663057416677475, -0.010533960536122322, 0.014906872995197773, 0.06580549478530884, -0.9977211952209473, -0.0654614269733429, -0.9956271052360535, -0.06664543598890305], "t": [113.92567443847656, 226.4010772705078, 1239.8519287109375], "time": 3.757339000701904}], "4": [{"scene_id": 1, "im_id": 289, "obj_id": 4, "score": 0.7147974371910095, "R": [-0.9948381781578064, -0.10102328658103943, -0.009556972421705723, 0.0034639108926057816, 0.060317590832710266, -0.998173177242279, 0.10141518712043762, -0.9930539727210999, -0.05965631455183029], "t": [314.3886413574219, 219.9207305908203, 1257.834716796875], "time": 3.757339000701904}]}, "231": {"5": [{"scene_id": 1, "im_id": 231, "obj_id": 5, "score": 0.57421875, "R": [-0.12954241037368774, 0.9909743070602417, -0.03447548672556877, 0.06055912375450134, -0.026796692982316017, -0.9978048801422119, -0.9897229075431824, -0